0.000000000000000000e+00
0.000000000000000000e+00
9.732011705636978149e-03
0.000000000000000000e+00
0.000000000000000000e+00
0.000000000000000000e+00
0.000000000000000000e+00
9.860655292868614197e-03
-3.874630481004714966e-02
0.000000000000000000e+00
1.821233890950679779e-02
0.000000000000000000e+00
-9.451649151742458344e-03
1.846188865602016449e-02
-1.843556202948093414e-02
1.732711307704448700e-02
-8.226145990192890167e-03
0.000000000000000000e+00
0.000000000000000000e+00
2.842365531250834465e-03
0.000000000000000000e+00
6.540623027831315994e-03
0.000000000000000000e+00
0.000000000000000000e+00
0.000000000000000000e+00
0.000000000000000000e+00
9.526082314550876617e-03
0.000000000000000000e+00
3.215242177248001099e-03
0.000000000000000000e+00
