2.945978939533233643e-01
-2.576277852058410645e-01
-2.644611597061157227e-01
-2.698624730110168457e-01
-2.988229095935821533e-01
2.317005097866058350e-01
-2.711315155029296875e-01
2.571412324905395508e-01
2.901183366775512695e-01
3.157651424407958984e-01
2.717967629432678223e-01
-2.515840530395507812e-01
-2.917658090591430664e-01
2.345865070819854736e-01
-3.120898604393005371e-01
3.214112520217895508e-01
-2.457900047302246094e-01
2.999543845653533936e-01
-3.289516866207122803e-01
-2.725526094436645508e-01
-2.913211882114410400e-01
-2.191746234893798828e-01
-2.486910820007324219e-01
2.838254570960998535e-01
2.554249465465545654e-01
-2.681470513343811035e-01
3.441609442234039307e-01
3.032354712486267090e-01
-3.304778337478637695e-01
3.658335506916046143e-01
