2.399245262145996094e+01
-2.423624038696289062e+01
-2.398419570922851562e+01
-2.405214500427246094e+01
-2.414952850341796875e+01
2.406300163269042969e+01
-2.411699676513671875e+01
2.427419090270996094e+01
2.418468666076660156e+01
2.396088600158691406e+01
2.426419258117675781e+01
-2.402486228942871094e+01
-2.434135246276855469e+01
2.408976364135742188e+01
-2.392191314697265625e+01
2.417192649841308594e+01
-2.407351112365722656e+01
2.413812446594238281e+01
-2.419675827026367188e+01
-2.394819831848144531e+01
-2.402694129943847656e+01
-2.382805633544921875e+01
-2.415687751770019531e+01
2.411375236511230469e+01
2.425002670288085938e+01
-2.421530532836914062e+01
2.394410705566406250e+01
2.404115867614746094e+01
-2.393301773071289062e+01
2.393890380859375000e+01
